gpu_name: NVIDIA RTX A6000
init: 1.4994134902954102
sdf: 123.21517539024353
texture: 58.20314836502075
total: 182.91800713539124
