{
  "_description": "Source-to-robot frame alignment for G1: world axis swap + per-bone (q_offset, t_offset) corrections.",
  "_provenance": "World axis swap is hand-authored (see configs/README.md). Per-bone q_offsets were seeded from NVIDIA/soma-retargeter and refined empirically; values may diverge from upstream by design.",
  "_upstream_reference": "https://github.com/NVIDIA/soma-retargeter/blob/main/soma_retargeter/configs/unitree_g1/soma_to_g1_scaler_config.json",
  "joint_offsets": {
    "Chest": {
      "q_offset_matrix": [
        [
          -0.08592688903335513,
          0,
          0.9963014452167824
        ],
        [
          0.9963014452167824,
          0,
          0.08592688903335516
        ],
        [
          0,
          1,
          -2.7755575615628914e-17
        ]
      ],
      "t_offset": [
        0.005,
        0,
        -0.094
      ]
    },
    "Hips": {
      "q_offset_matrix": [
        [
          0,
          0,
          1
        ],
        [
          1,
          0,
          0
        ],
        [
          0,
          1,
          0
        ]
      ],
      "t_offset": [
        0,
        0,
        0.01
      ]
    },
    "LeftArm": {
      "q_offset_matrix": [
        [
          0.07881496459283907,
          0.1684950366927157,
          -0.9825464996457673
        ],
        [
          0.9950477040407043,
          -0.07317786622442149,
          0.06726861510514176
        ],
        [
          -0.06056622853994259,
          -0.9829824121034725,
          -0.17342811033879832
        ]
      ],
      "t_offset": [
        0.012,
        0.01,
        -0.034
      ]
    },
    "LeftFoot": {
      "q_offset_matrix": [
        [
          0.9343864447777271,
          0,
          -0.3562611006209339
        ],
        [
          -0.3562611006209339,
          0,
          -0.9343864447777271
        ],
        [
          0,
          0.9999999999999999,
          0
        ]
      ],
      "t_offset": [
        -0.017,
        0.04,
        -0.017
      ]
    },
    "LeftForeArm": {
      "q_offset_matrix": [
        [
          1.0000000000000002,
          0,
          0
        ],
        [
          0,
          0,
          1.0000000000000002
        ],
        [
          0,
          -1.0000000000000002,
          0
        ]
      ],
      "t_offset": [
        0.012,
        -0.015,
        0.01
      ]
    },
    "LeftHand": {
      "q_offset_matrix": [
        [
          1.0000000000000002,
          0,
          0
        ],
        [
          0,
          0,
          1.0000000000000002
        ],
        [
          0,
          -1.0000000000000002,
          0
        ]
      ],
      "t_offset": [
        0.015,
        -0.006,
        0.005
      ]
    },
    "LeftLeg": {
      "q_offset_matrix": [
        [
          -0.15748662834291427,
          0,
          -0.98752111972007
        ],
        [
          -0.98752111972007,
          0,
          0.15748662834291427
        ],
        [
          0,
          0.9999999999999999,
          0
        ]
      ],
      "t_offset": [
        -0.03,
        0.036,
        -0.05
      ]
    },
    "LeftShin": {
      "q_offset_matrix": [
        [
          0,
          0,
          -1
        ],
        [
          -1,
          0,
          0
        ],
        [
          0,
          1,
          0
        ]
      ],
      "t_offset": [
        0,
        0.04,
        -0.005
      ]
    },
    "RightArm": {
      "q_offset_matrix": [
        [
          -0.07323665317143896,
          0.16842049166912543,
          0.9829908090201946
        ],
        [
          -0.9950484472818821,
          -0.07874653696702621,
          -0.06064297550101494
        ],
        [
          0.06719360233059607,
          -0.9825647667719575,
          0.17335368154212039
        ]
      ],
      "t_offset": [
        0.012,
        -0.01,
        -0.034
      ]
    },
    "RightFoot": {
      "q_offset_matrix": [
        [
          -0.9343864447777274,
          0,
          0.3562611006209341
        ],
        [
          0.3562611006209341,
          3.469446951953614e-18,
          0.9343864447777275
        ],
        [
          0,
          1.0000000000000002,
          3.469446951953614e-18
        ]
      ],
      "t_offset": [
        -0.017,
        -0.04,
        -0.017
      ]
    },
    "RightForeArm": {
      "q_offset_matrix": [
        [
          -1.0000000000000002,
          0,
          0
        ],
        [
          0,
          0,
          -1.0000000000000002
        ],
        [
          0,
          -1.0000000000000002,
          0
        ]
      ],
      "t_offset": [
        0.012,
        0.015,
        0.01
      ]
    },
    "RightHand": {
      "q_offset_matrix": [
        [
          -1.0000000000000002,
          0,
          0
        ],
        [
          0,
          0,
          -1.0000000000000002
        ],
        [
          0,
          -1.0000000000000002,
          0
        ]
      ],
      "t_offset": [
        0.015,
        0.006,
        0.005
      ]
    },
    "RightLeg": {
      "q_offset_matrix": [
        [
          0.15748662834291427,
          0,
          0.98752111972007
        ],
        [
          0.98752111972007,
          0,
          -0.15748662834291427
        ],
        [
          0,
          0.9999999999999999,
          0
        ]
      ],
      "t_offset": [
        -0.03,
        -0.036,
        -0.05
      ]
    },
    "RightShin": {
      "q_offset_matrix": [
        [
          0,
          0,
          1
        ],
        [
          1,
          0,
          0
        ],
        [
          0,
          1,
          0
        ]
      ],
      "t_offset": [
        0,
        -0.04,
        -0.005
      ]
    }
  },
  "robot_name": "g1",
  "schema_version": 1,
  "source_model": "soma",
  "world_axis_swap_matrix": [
    [
      0,
      0,
      -1
    ],
    [
      -1,
      0,
      0
    ],
    [
      0,
      1,
      0
    ]
  ]
}
